<!-- Generated by pkgdown: do not edit by hand -->
<!DOCTYPE html>
<html lang="en">
  <head>
  <meta charset="utf-8">
<meta http-equiv="X-UA-Compatible" content="IE=edge">
<meta name="viewport" content="width=device-width, initial-scale=1.0">

<title>Combine random vectors by columns or rows — cbind.rv • rv</title>


<!-- jquery -->
<script src="https://cdnjs.cloudflare.com/ajax/libs/jquery/3.4.1/jquery.min.js" integrity="sha256-CSXorXvZcTkaix6Yvo6HppcZGetbYMGWSFlBw8HfCJo=" crossorigin="anonymous"></script>
<!-- Bootstrap -->

<link rel="stylesheet" href="https://cdnjs.cloudflare.com/ajax/libs/twitter-bootstrap/3.4.1/css/bootstrap.min.css" integrity="sha256-bZLfwXAP04zRMK2BjiO8iu9pf4FbLqX6zitd+tIvLhE=" crossorigin="anonymous" />

<script src="https://cdnjs.cloudflare.com/ajax/libs/twitter-bootstrap/3.4.1/js/bootstrap.min.js" integrity="sha256-nuL8/2cJ5NDSSwnKD8VqreErSWHtnEP9E7AySL+1ev4=" crossorigin="anonymous"></script>

<!-- bootstrap-toc -->
<link rel="stylesheet" href="../bootstrap-toc.css">
<script src="../bootstrap-toc.js"></script>

<!-- Font Awesome icons -->
<link rel="stylesheet" href="https://cdnjs.cloudflare.com/ajax/libs/font-awesome/5.12.1/css/all.min.css" integrity="sha256-mmgLkCYLUQbXn0B1SRqzHar6dCnv9oZFPEC1g1cwlkk=" crossorigin="anonymous" />
<link rel="stylesheet" href="https://cdnjs.cloudflare.com/ajax/libs/font-awesome/5.12.1/css/v4-shims.min.css" integrity="sha256-wZjR52fzng1pJHwx4aV2AO3yyTOXrcDW7jBpJtTwVxw=" crossorigin="anonymous" />

<!-- clipboard.js -->
<script src="https://cdnjs.cloudflare.com/ajax/libs/clipboard.js/2.0.6/clipboard.min.js" integrity="sha256-inc5kl9MA1hkeYUt+EC3BhlIgyp/2jDIyBLS6k3UxPI=" crossorigin="anonymous"></script>

<!-- headroom.js -->
<script src="https://cdnjs.cloudflare.com/ajax/libs/headroom/0.11.0/headroom.min.js" integrity="sha256-AsUX4SJE1+yuDu5+mAVzJbuYNPHj/WroHuZ8Ir/CkE0=" crossorigin="anonymous"></script>
<script src="https://cdnjs.cloudflare.com/ajax/libs/headroom/0.11.0/jQuery.headroom.min.js" integrity="sha256-ZX/yNShbjqsohH1k95liqY9Gd8uOiE1S4vZc+9KQ1K4=" crossorigin="anonymous"></script>

<!-- pkgdown -->
<link href="../pkgdown.css" rel="stylesheet">
<script src="../pkgdown.js"></script>




<meta property="og:title" content="Combine random vectors by columns or rows — cbind.rv" />
<meta property="og:description" content="Combines random vectors by columns (cbind.rv) or rows
(rbind.rv)." />






<!-- mathjax -->
<script src="https://cdnjs.cloudflare.com/ajax/libs/mathjax/2.7.5/MathJax.js" integrity="sha256-nvJJv9wWKEm88qvoQl9ekL2J+k/RWIsaSScxxlsrv8k=" crossorigin="anonymous"></script>
<script src="https://cdnjs.cloudflare.com/ajax/libs/mathjax/2.7.5/config/TeX-AMS-MML_HTMLorMML.js" integrity="sha256-84DKXVJXs0/F8OTMzX4UR909+jtl4G7SPypPavF+GfA=" crossorigin="anonymous"></script>

<!--[if lt IE 9]>
<script src="https://oss.maxcdn.com/html5shiv/3.7.3/html5shiv.min.js"></script>
<script src="https://oss.maxcdn.com/respond/1.4.2/respond.min.js"></script>
<![endif]-->



  

  

  </head>

  <body data-spy="scroll" data-target="#toc">
    

    <div class="container template-reference-topic">
      <header>
      <div class="navbar navbar-default navbar-fixed-top" role="navigation">
  <div class="container">
    <div class="navbar-header">
      <button type="button" class="navbar-toggle collapsed" data-toggle="collapse" data-target="#navbar" aria-expanded="false">
        <span class="sr-only">Toggle navigation</span>
        <span class="icon-bar"></span>
        <span class="icon-bar"></span>
        <span class="icon-bar"></span>
      </button>
      <span class="navbar-brand">
        <a class="navbar-link" href="../index.html">rv</a>
        <span class="version label label-default" data-toggle="tooltip" data-placement="bottom" title="Released version">2.3.4</span>
      </span>
    </div>

    <div id="navbar" class="navbar-collapse collapse">
      <ul class="nav navbar-nav">
        <li>
  <a href="../reference/index.html">Reference</a>
</li>
<li class="dropdown">
  <a href="#" class="dropdown-toggle" data-toggle="dropdown" role="button" aria-expanded="false">
    Articles
     
    <span class="caret"></span>
  </a>
  <ul class="dropdown-menu" role="menu">
    <li>
      <a href="../articles/rv-doc.html">rv: a simulation-based random variable class</a>
    </li>
  </ul>
</li>
<li>
  <a href="../news/index.html">Changelog</a>
</li>
      </ul>
      <ul class="nav navbar-nav navbar-right">
        <li>
  <a href="https://github.com/jsta/rv/">
    <span class="fab fa-github fa-lg"></span>
     
  </a>
</li>
      </ul>
      
    </div><!--/.nav-collapse -->
  </div><!--/.container -->
</div><!--/.navbar -->

      

      </header>

<div class="row">
  <div class="col-md-9 contents">
    <div class="page-header">
    <h1>Combine random vectors by columns or rows</h1>
    <small class="dont-index">Source: <a href='https://github.com/jsta/rv/blob/master/R/cbind_rbind_rv.R'><code>R/cbind_rbind_rv.R</code></a></small>
    <div class="hidden name"><code>cbind.rv.Rd</code></div>
    </div>

    <div class="ref-description">
    <p>Combines random vectors by columns (<code>cbind.rv</code>) or rows
(<code>rbind.rv</code>).</p>
    </div>

    <div class="ref-usage sourceCode"><pre class='sourceCode r'><code><span class='co'># S3 method for rv</span>
<span class='fu'><a href='https://rdrr.io/r/base/cbind.html'>cbind</a></span><span class='op'>(</span><span class='va'>...</span>, deparse.level <span class='op'>=</span> <span class='fl'>1</span><span class='op'>)</span></code></pre></div>

    <h2 class="hasAnchor" id="arguments"><a class="anchor" href="#arguments"></a>Arguments</h2>
    <table class="ref-arguments">
    <colgroup><col class="name" /><col class="desc" /></colgroup>
    <tr>
      <th>...</th>
      <td><p>vectors or matrices, can be rv objects</p></td>
    </tr>
    <tr>
      <th>deparse.level</th>
      <td><p>(passed on to cbind)</p></td>
    </tr>
    </table>

    <h2 class="hasAnchor" id="details"><a class="anchor" href="#details"></a>Details</h2>

    <p>See <a href='https://rdrr.io/r/base/cbind.html'>cbind</a> and <a href='https://rdrr.io/r/base/cbind.html'>rbind</a> for details.</p>
    <h2 class="hasAnchor" id="references"><a class="anchor" href="#references"></a>References</h2>

    <p>Kerman, J. and Gelman, A. (2007). Manipulating and Summarizing
Posterior Simulations Using Random Variable Objects. Statistics and
Computing 17:3, 235-244.</p>
<p>See also <code>vignette("rv")</code>.</p>
    <h2 class="hasAnchor" id="author"><a class="anchor" href="#author"></a>Author</h2>

    <p>Jouni Kerman <a href='mailto:jouni@kerman.com'>jouni@kerman.com</a></p>

    <h2 class="hasAnchor" id="examples"><a class="anchor" href="#examples"></a>Examples</h2>
    <div class="ref-examples sourceCode"><pre class='sourceCode r'><code><span class='r-in'>  <span class='va'>x</span> <span class='op'>&lt;-</span> <span class='fu'><a href='rvnorm.html'>rvnorm</a></span><span class='op'>(</span><span class='fl'>10</span><span class='op'>)</span></span>
<span class='r-in'>  <span class='va'>y</span> <span class='op'>&lt;-</span> <span class='fu'><a href='rvnorm.html'>rvnorm</a></span><span class='op'>(</span><span class='fl'>10</span><span class='op'>)</span></span>
<span class='r-in'>  <span class='fu'><a href='https://rdrr.io/r/base/cbind.html'>cbind</a></span><span class='op'>(</span><span class='va'>x</span>, <span class='va'>y</span><span class='op'>)</span></span>
<span class='r-out co'><span class='r-pr'>#&gt;</span>            mean   sd   1% 2.5%   25%     50%  75% 97.5% 99% sims</span>
<span class='r-out co'><span class='r-pr'>#&gt;</span>  [1,1] -0.00589 1.01 -2.4 -2.0 -0.69  0.0090 0.69   1.9 2.3 4000</span>
<span class='r-out co'><span class='r-pr'>#&gt;</span>  [2,1]  0.00015 1.02 -2.4 -2.0 -0.67  0.0030 0.67   2.0 2.4 4000</span>
<span class='r-out co'><span class='r-pr'>#&gt;</span>  [3,1] -0.00304 1.00 -2.4 -2.0 -0.66  0.0029 0.65   1.9 2.3 4000</span>
<span class='r-out co'><span class='r-pr'>#&gt;</span>  [4,1] -0.00022 1.00 -2.3 -2.0 -0.68 -0.0018 0.67   2.0 2.3 4000</span>
<span class='r-out co'><span class='r-pr'>#&gt;</span>  [5,1]  0.00298 0.98 -2.2 -1.9 -0.65  0.0022 0.67   1.9 2.4 4000</span>
<span class='r-out co'><span class='r-pr'>#&gt;</span>  [6,1] -0.01092 1.01 -2.3 -2.0 -0.68 -0.0163 0.67   2.0 2.3 4000</span>
<span class='r-out co'><span class='r-pr'>#&gt;</span>  [7,1]  0.01539 1.00 -2.3 -1.9 -0.67  0.0244 0.68   1.9 2.3 4000</span>
<span class='r-out co'><span class='r-pr'>#&gt;</span>  [8,1]  0.01979 0.99 -2.2 -1.9 -0.65  0.0088 0.68   2.0 2.3 4000</span>
<span class='r-out co'><span class='r-pr'>#&gt;</span>  [9,1] -0.01170 1.00 -2.4 -1.9 -0.70  0.0031 0.65   2.0 2.4 4000</span>
<span class='r-out co'><span class='r-pr'>#&gt;</span> [10,1]  0.00052 1.00 -2.3 -2.0 -0.66 -0.0027 0.67   2.0 2.3 4000</span>
<span class='r-out co'><span class='r-pr'>#&gt;</span>  [1,2]  0.00576 0.99 -2.3 -2.0 -0.68  0.0074 0.70   1.9 2.3 4000</span>
<span class='r-out co'><span class='r-pr'>#&gt;</span>  [2,2]  0.01197 1.00 -2.3 -1.9 -0.67  0.0041 0.67   2.0 2.4 4000</span>
<span class='r-out co'><span class='r-pr'>#&gt;</span>  [3,2] -0.02599 1.00 -2.4 -2.0 -0.72 -0.0361 0.67   1.9 2.2 4000</span>
<span class='r-out co'><span class='r-pr'>#&gt;</span>  [4,2]  0.00344 0.99 -2.3 -1.9 -0.68 -0.0012 0.68   1.9 2.3 4000</span>
<span class='r-out co'><span class='r-pr'>#&gt;</span>  [5,2] -0.01730 1.00 -2.3 -2.0 -0.70 -0.0142 0.66   1.9 2.2 4000</span>
<span class='r-out co'><span class='r-pr'>#&gt;</span>  [6,2] -0.02403 1.01 -2.4 -2.0 -0.68 -0.0212 0.64   2.0 2.3 4000</span>
<span class='r-out co'><span class='r-pr'>#&gt;</span>  [7,2] -0.00410 1.00 -2.3 -2.0 -0.68  0.0017 0.67   1.9 2.3 4000</span>
<span class='r-out co'><span class='r-pr'>#&gt;</span>  [8,2]  0.02231 1.00 -2.3 -1.9 -0.67  0.0253 0.71   2.0 2.3 4000</span>
<span class='r-out co'><span class='r-pr'>#&gt;</span>  [9,2]  0.00106 1.00 -2.3 -1.9 -0.70  0.0191 0.67   2.0 2.4 4000</span>
<span class='r-out co'><span class='r-pr'>#&gt;</span> [10,2]  0.03835 0.99 -2.2 -1.9 -0.64  0.0239 0.71   2.0 2.4 4000</span>
<span class='r-in'>  <span class='fu'><a href='https://rdrr.io/r/base/cbind.html'>rbind</a></span><span class='op'>(</span><span class='va'>x</span>, <span class='va'>y</span><span class='op'>)</span> </span>
<span class='r-out co'><span class='r-pr'>#&gt;</span>            mean   sd   1% 2.5%   25%     50%  75% 97.5% 99% sims</span>
<span class='r-out co'><span class='r-pr'>#&gt;</span>  [1,1] -0.00589 1.01 -2.4 -2.0 -0.69  0.0090 0.69   1.9 2.3 4000</span>
<span class='r-out co'><span class='r-pr'>#&gt;</span>  [2,1]  0.00576 0.99 -2.3 -2.0 -0.68  0.0074 0.70   1.9 2.3 4000</span>
<span class='r-out co'><span class='r-pr'>#&gt;</span>  [1,2]  0.00015 1.02 -2.4 -2.0 -0.67  0.0030 0.67   2.0 2.4 4000</span>
<span class='r-out co'><span class='r-pr'>#&gt;</span>  [2,2]  0.01197 1.00 -2.3 -1.9 -0.67  0.0041 0.67   2.0 2.4 4000</span>
<span class='r-out co'><span class='r-pr'>#&gt;</span>  [1,3] -0.00304 1.00 -2.4 -2.0 -0.66  0.0029 0.65   1.9 2.3 4000</span>
<span class='r-out co'><span class='r-pr'>#&gt;</span>  [2,3] -0.02599 1.00 -2.4 -2.0 -0.72 -0.0361 0.67   1.9 2.2 4000</span>
<span class='r-out co'><span class='r-pr'>#&gt;</span>  [1,4] -0.00022 1.00 -2.3 -2.0 -0.68 -0.0018 0.67   2.0 2.3 4000</span>
<span class='r-out co'><span class='r-pr'>#&gt;</span>  [2,4]  0.00344 0.99 -2.3 -1.9 -0.68 -0.0012 0.68   1.9 2.3 4000</span>
<span class='r-out co'><span class='r-pr'>#&gt;</span>  [1,5]  0.00298 0.98 -2.2 -1.9 -0.65  0.0022 0.67   1.9 2.4 4000</span>
<span class='r-out co'><span class='r-pr'>#&gt;</span>  [2,5] -0.01730 1.00 -2.3 -2.0 -0.70 -0.0142 0.66   1.9 2.2 4000</span>
<span class='r-out co'><span class='r-pr'>#&gt;</span>  [1,6] -0.01092 1.01 -2.3 -2.0 -0.68 -0.0163 0.67   2.0 2.3 4000</span>
<span class='r-out co'><span class='r-pr'>#&gt;</span>  [2,6] -0.02403 1.01 -2.4 -2.0 -0.68 -0.0212 0.64   2.0 2.3 4000</span>
<span class='r-out co'><span class='r-pr'>#&gt;</span>  [1,7]  0.01539 1.00 -2.3 -1.9 -0.67  0.0244 0.68   1.9 2.3 4000</span>
<span class='r-out co'><span class='r-pr'>#&gt;</span>  [2,7] -0.00410 1.00 -2.3 -2.0 -0.68  0.0017 0.67   1.9 2.3 4000</span>
<span class='r-out co'><span class='r-pr'>#&gt;</span>  [1,8]  0.01979 0.99 -2.2 -1.9 -0.65  0.0088 0.68   2.0 2.3 4000</span>
<span class='r-out co'><span class='r-pr'>#&gt;</span>  [2,8]  0.02231 1.00 -2.3 -1.9 -0.67  0.0253 0.71   2.0 2.3 4000</span>
<span class='r-out co'><span class='r-pr'>#&gt;</span>  [1,9] -0.01170 1.00 -2.4 -1.9 -0.70  0.0031 0.65   2.0 2.4 4000</span>
<span class='r-out co'><span class='r-pr'>#&gt;</span>  [2,9]  0.00106 1.00 -2.3 -1.9 -0.70  0.0191 0.67   2.0 2.4 4000</span>
<span class='r-out co'><span class='r-pr'>#&gt;</span> [1,10]  0.00052 1.00 -2.3 -2.0 -0.66 -0.0027 0.67   2.0 2.3 4000</span>
<span class='r-out co'><span class='r-pr'>#&gt;</span> [2,10]  0.03835 0.99 -2.2 -1.9 -0.64  0.0239 0.71   2.0 2.4 4000</span>
</code></pre></div>
  </div>
  <div class="col-md-3 hidden-xs hidden-sm" id="pkgdown-sidebar">
    <nav id="toc" data-toggle="toc" class="sticky-top">
      <h2 data-toc-skip>Contents</h2>
    </nav>
  </div>
</div>


      <footer>
      <div class="copyright">
  <p><p>Developed by Jouni Kerman, Jemma Stachelek.</p></p>
</div>

<div class="pkgdown">
  <p><p>Site built with <a href="https://pkgdown.r-lib.org/" class="external-link">pkgdown</a> 1.6.1.9001.</p></p>
</div>

      </footer>
   </div>

  


  

  </body>
</html>


